{
    "accuracy": 0.76,
    "precision": 0.7452229299363057,
    "recall": 0.6763005780346821,
    "auc": 0.8125334216088207
}