{
    "accuracy": 0.7625,
    "precision": 0.75,
    "recall": 0.6763005780346821,
    "auc": 0.812151460365155
}